Webots Project File version R2020a
perspectives: 000000ff00000000fd000000030000000000000320000003f8fc0100000001fb0000001a0044006f00630075006d0065006e0074006100740069006f006e0000000000ffffffff0000006900ffffff000000010000024700000412fc0200000001fb0000001400540065007800740045006400690074006f0072010000001a000004120000008700ffffff0000000300000a0000000100fc0100000001fb0000000e0043006f006e0073006f006c0065010000000000000a000000006900ffffff000007b70000041200000001000000020000000100000008fc00000000
simulationViewPerspectives: 000000ff000000010000000200000136000003a50100000002010000000100
sceneTreePerspectives: 000000ff0000000100000002000000c0000000fc0100000002010000000200
maximizedDockId: -1
centralWidgetVisible: 1
projectionMode: PERSPECTIVE
renderingMode: PLAIN
selectionDisabled: 0
viewpointLocked: 0
orthographicViewHeight: 2.14359
textFiles: 0 "controllers/dynamic_lqr/Leg.cpp"
renderingDevicePerspectives: robot:camera;0;7.95313;0;0
