Webots Project File version R2020a
perspectives: 000000ff00000000fd000000030000000000000320000003f8fc0100000001fb0000001a0044006f00630075006d0065006e0074006100740069006f006e0000000000ffffffff0000005400ffffff0000000100000247000002befc0200000001fb0000001400540065007800740045006400690074006f00720100000017000002be0000009d00ffffff000000030000078000000100fc0100000001fb0000000e0043006f006e0073006f006c00650100000000000007800000005400ffffff00000533000002be00000001000000020000000100000008fc00000000
simulationViewPerspectives: 000000ff000000010000000200000136000003a50100000006010000000100
sceneTreePerspectives: 000000ff0000000100000002000000c0000000fc0100000006010000000200
maximizedDockId: -1
centralWidgetVisible: 1
projectionMode: PERSPECTIVE
renderingMode: PLAIN
selectionDisabled: 0
viewpointLocked: 0
orthographicViewHeight: 2.14359
textFiles: 0 "controllers/dynamic_lqr/Leg.cpp"
renderingDevicePerspectives: robot:camera;0;7.95313;0;0
